Vn=200;
Ln=5; Ls=5; Lw=5; Le=80;
Ee=-49.2632;